line,1x1,1x2,1x3,1x4,1x5,1x6,1x7,1x10,0x1,0x2,0x3,0x4,0x5,0x6,0x7,0x8,0x9
1,1.000000,0.000000,0.000000,0.000000,0.000000,0.000000,0.000000,0.000000,0.000000,0.000000,0.000000,0.000000,0.000000,0.000000,0.000000,0.000000,0.000000
2,0.000000,1.000000,0.000000,0.000000,0.000000,0.000000,0.000000,0.000000,0.000000,0.000000,0.000000,0.000000,0.000000,0.000000,0.000000,0.000000,0.000000
3,0.000000,0.000000,1.000000,0.000000,0.000000,0.000000,0.000000,0.000000,0.000000,0.000000,0.000000,0.000000,0.000000,0.000000,0.000000,0.000000,0.000000
4,0.250000,0.000000,0.000000,0.000000,0.000000,0.000000,0.000000,0.000000,0.000000,0.000000,0.750000,0.000000,0.000000,0.000000,0.000000,0.000000,0.000000
5,0.600000,0.000000,0.000000,0.000000,0.000000,0.000000,0.000000,0.000000,0.400000,0.000000,0.000000,0.000000,0.000000,0.000000,0.000000,0.000000,0.000000
6,0.166667,0.333333,0.000000,0.000000,0.000000,0.000000,0.000000,0.000000,0.000000,0.000000,0.500000,0.000000,0.000000,0.000000,0.000000,0.000000,0.000000
7,0.142857,0.285714,0.000000,0.000000,0.000000,0.000000,0.000000,0.000000,0.000000,0.571429,0.000000,0.000000,0.000000,0.000000,0.000000,0.000000,0.000000
8,0.000000,0.000000,0.375000,0.000000,0.000000,0.000000,0.000000,0.000000,0.000000,0.000000,0.000000,0.000000,0.625000,0.000000,0.000000,0.000000,0.000000
9,0.111111,0.222222,0.333333,0.000000,0.000000,0.000000,0.000000,0.000000,0.111111,0.222222,0.000000,0.000000,0.000000,0.000000,0.000000,0.000000,0.000000
10,0.200000,0.000000,0.000000,0.000000,0.000000,0.000000,0.000000,0.000000,0.100000,0.000000,0.000000,0.000000,0.000000,0.000000,0.700000,0.000000,0.000000
11,0.181818,0.181818,0.000000,0.000000,0.000000,0.000000,0.000000,0.000000,0.000000,0.181818,0.000000,0.000000,0.454545,0.000000,0.000000,0.000000,0.000000
12,0.166667,0.166667,0.000000,0.333333,0.000000,0.000000,0.000000,0.000000,0.166667,0.166667,0.000000,0.000000,0.000000,0.000000,0.000000,0.000000,0.000000
13,0.153846,0.153846,0.000000,0.000000,0.000000,0.000000,0.000000,0.000000,0.076923,0.000000,0.230769,0.000000,0.384615,0.000000,0.000000,0.000000,0.000000
14,0.214286,0.142857,0.000000,0.000000,0.000000,0.000000,0.000000,0.000000,0.071429,0.285714,0.000000,0.285714,0.000000,0.000000,0.000000,0.000000,0.000000
15,0.066667,0.266667,0.000000,0.266667,0.000000,0.000000,0.000000,0.000000,0.066667,0.133333,0.200000,0.000000,0.000000,0.000000,0.000000,0.000000,0.000000
16,0.125000,0.375000,0.000000,0.000000,0.000000,0.000000,0.000000,0.000000,0.125000,0.375000,0.000000,0.000000,0.000000,0.000000,0.000000,0.000000,0.000000
17,0.117647,0.117647,0.176471,0.235294,0.000000,0.000000,0.000000,0.000000,0.117647,0.235294,0.000000,0.000000,0.000000,0.000000,0.000000,0.000000,0.000000
18,0.111111,0.222222,0.000000,0.000000,0.000000,0.000000,0.000000,0.000000,0.055556,0.000000,0.000000,0.222222,0.000000,0.000000,0.388889,0.000000,0.000000
19,0.210526,0.000000,0.157895,0.000000,0.263158,0.000000,0.000000,0.000000,0.157895,0.210526,0.000000,0.000000,0.000000,0.000000,0.000000,0.000000,0.000000
20,0.300000,0.200000,0.000000,0.000000,0.000000,0.000000,0.000000,0.000000,0.250000,0.100000,0.150000,0.000000,0.000000,0.000000,0.000000,0.000000,0.000000
21,0.190476,0.190476,0.142857,0.000000,0.000000,0.000000,0.000000,0.000000,0.190476,0.285714,0.000000,0.000000,0.000000,0.000000,0.000000,0.000000,0.000000
22,0.090909,0.090909,0.000000,0.363636,0.000000,0.000000,0.000000,0.000000,0.090909,0.090909,0.000000,0.000000,0.000000,0.272727,0.000000,0.000000,0.000000
23,0.304348,0.086957,0.130435,0.000000,0.000000,0.000000,0.000000,0.000000,0.304348,0.173913,0.000000,0.000000,0.000000,0.000000,0.000000,0.000000,0.000000
24,0.166667,0.083333,0.125000,0.000000,0.000000,0.000000,0.000000,0.000000,0.125000,0.083333,0.000000,0.166667,0.000000,0.250000,0.000000,0.000000,0.000000
25,0.160000,0.000000,0.120000,0.160000,0.000000,0.240000,0.000000,0.000000,0.160000,0.160000,0.000000,0.000000,0.000000,0.000000,0.000000,0.000000,0.000000
26,0.076923,0.230769,0.115385,0.000000,0.000000,0.000000,0.000000,0.000000,0.115385,0.153846,0.000000,0.000000,0.000000,0.000000,0.000000,0.307692,0.000000
27,0.148148,0.148148,0.222222,0.000000,0.000000,0.000000,0.000000,0.000000,0.185185,0.000000,0.000000,0.296296,0.000000,0.000000,0.000000,0.000000,0.000000
28,0.107143,0.285714,0.107143,0.000000,0.000000,0.000000,0.000000,0.000000,0.142857,0.142857,0.214286,0.000000,0.000000,0.000000,0.000000,0.000000,0.000000
29,0.206897,0.000000,0.000000,0.137931,0.000000,0.206897,0.000000,0.000000,0.172414,0.068966,0.206897,0.000000,0.000000,0.000000,0.000000,0.000000,0.000000
30,0.133333,0.266667,0.000000,0.133333,0.000000,0.000000,0.000000,0.000000,0.133333,0.333333,0.000000,0.000000,0.000000,0.000000,0.000000,0.000000,0.000000
31,0.096774,0.000000,0.193548,0.000000,0.161290,0.000000,0.225806,0.000000,0.096774,0.129032,0.096774,0.000000,0.000000,0.000000,0.000000,0.000000,0.000000
32,0.156250,0.125000,0.187500,0.000000,0.000000,0.000000,0.000000,0.000000,0.156250,0.062500,0.187500,0.125000,0.000000,0.000000,0.000000,0.000000,0.000000
33,0.181818,0.303030,0.000000,0.000000,0.000000,0.000000,0.000000,0.000000,0.212121,0.121212,0.181818,0.000000,0.000000,0.000000,0.000000,0.000000,0.000000
34,0.205882,0.176471,0.088235,0.000000,0.000000,0.000000,0.000000,0.000000,0.117647,0.235294,0.176471,0.000000,0.000000,0.000000,0.000000,0.000000,0.000000
35,0.200000,0.057143,0.171429,0.000000,0.000000,0.000000,0.000000,0.000000,0.142857,0.114286,0.085714,0.228571,0.000000,0.000000,0.000000,0.000000,0.000000
36,0.138889,0.000000,0.083333,0.111111,0.138889,0.000000,0.000000,0.000000,0.083333,0.166667,0.000000,0.000000,0.277778,0.000000,0.000000,0.000000,0.000000
37,0.243243,0.108108,0.243243,0.000000,0.000000,0.000000,0.000000,0.000000,0.297297,0.108108,0.000000,0.000000,0.000000,0.000000,0.000000,0.000000,0.000000
38,0.131579,0.105263,0.078947,0.000000,0.131579,0.000000,0.000000,0.000000,0.105263,0.052632,0.157895,0.105263,0.131579,0.000000,0.000000,0.000000,0.000000
39,0.128205,0.102564,0.000000,0.000000,0.128205,0.153846,0.000000,0.000000,0.102564,0.102564,0.000000,0.000000,0.128205,0.153846,0.000000,0.000000,0.000000
40,0.150000,0.150000,0.150000,0.100000,0.000000,0.000000,0.000000,0.000000,0.150000,0.300000,0.000000,0.000000,0.000000,0.000000,0.000000,0.000000,0.000000
41,0.146341,0.292683,0.073171,0.000000,0.000000,0.000000,0.000000,0.000000,0.170732,0.146341,0.073171,0.097561,0.000000,0.000000,0.000000,0.000000,0.000000
42,0.142857,0.142857,0.071429,0.095238,0.000000,0.000000,0.000000,0.000000,0.095238,0.000000,0.357143,0.095238,0.000000,0.000000,0.000000,0.000000,0.000000
43,0.139535,0.139535,0.069767,0.093023,0.116279,0.000000,0.000000,0.000000,0.116279,0.186047,0.139535,0.000000,0.000000,0.000000,0.000000,0.000000,0.000000
44,0.113636,0.227273,0.068182,0.090909,0.000000,0.000000,0.000000,0.000000,0.159091,0.045455,0.136364,0.000000,0.000000,0.000000,0.159091,0.000000,0.000000
45,0.200000,0.000000,0.000000,0.088889,0.000000,0.133333,0.000000,0.000000,0.088889,0.088889,0.066667,0.177778,0.000000,0.000000,0.155556,0.000000,0.000000
46,0.152174,0.130435,0.130435,0.000000,0.000000,0.000000,0.000000,0.000000,0.130435,0.043478,0.195652,0.000000,0.217391,0.000000,0.000000,0.000000,0.000000
47,0.148936,0.212766,0.063830,0.085106,0.000000,0.000000,0.000000,0.000000,0.191489,0.127660,0.000000,0.170213,0.000000,0.000000,0.000000,0.000000,0.000000
48,0.062500,0.208333,0.187500,0.083333,0.104167,0.000000,0.000000,0.000000,0.166667,0.125000,0.062500,0.000000,0.000000,0.000000,0.000000,0.000000,0.000000
49,0.163265,0.122449,0.122449,0.000000,0.102041,0.000000,0.000000,0.000000,0.204082,0.040816,0.000000,0.000000,0.102041,0.000000,0.142857,0.000000,0.000000
50,0.220000,0.040000,0.060000,0.160000,0.000000,0.000000,0.000000,0.000000,0.180000,0.120000,0.060000,0.160000,0.000000,0.000000,0.000000,0.000000,0.000000
51,0.156863,0.039216,0.176471,0.000000,0.000000,0.000000,0.000000,0.000000,0.117647,0.078431,0.000000,0.156863,0.098039,0.000000,0.000000,0.000000,0.176471
52,0.076923,0.076923,0.173077,0.153846,0.096154,0.000000,0.000000,0.000000,0.096154,0.192308,0.057692,0.076923,0.000000,0.000000,0.000000,0.000000,0.000000
53,0.056604,0.150943,0.056604,0.075472,0.000000,0.113208,0.000000,0.000000,0.018868,0.150943,0.226415,0.000000,0.000000,0.000000,0.000000,0.150943,0.000000
54,0.111111,0.296296,0.000000,0.000000,0.185185,0.000000,0.000000,0.000000,0.222222,0.000000,0.111111,0.074074,0.000000,0.000000,0.000000,0.000000,0.000000
55,0.109091,0.145455,0.000000,0.000000,0.090909,0.218182,0.000000,0.000000,0.127273,0.109091,0.054545,0.145455,0.000000,0.000000,0.000000,0.000000,0.000000
56,0.089286,0.142857,0.107143,0.000000,0.089286,0.000000,0.000000,0.178571,0.107143,0.071429,0.214286,0.000000,0.000000,0.000000,0.000000,0.000000,0.000000
57,0.140351,0.070175,0.157895,0.140351,0.000000,0.000000,0.000000,0.000000,0.122807,0.210526,0.000000,0.070175,0.087719,0.000000,0.000000,0.000000,0.000000
58,0.155172,0.172414,0.103448,0.000000,0.000000,0.000000,0.000000,0.000000,0.103448,0.103448,0.155172,0.206897,0.000000,0.000000,0.000000,0.000000,0.000000
59,0.152542,0.101695,0.152542,0.067797,0.084746,0.000000,0.000000,0.000000,0.152542,0.169492,0.050847,0.067797,0.000000,0.000000,0.000000,0.000000,0.000000
60,0.066667,0.100000,0.050000,0.133333,0.083333,0.100000,0.000000,0.000000,0.100000,0.100000,0.000000,0.066667,0.083333,0.000000,0.116667,0.000000,0.000000
61,0.163934,0.131148,0.049180,0.131148,0.000000,0.000000,0.000000,0.000000,0.131148,0.196721,0.049180,0.065574,0.081967,0.000000,0.000000,0.000000,0.000000
62,0.129032,0.161290,0.048387,0.129032,0.080645,0.000000,0.000000,0.000000,0.209677,0.000000,0.096774,0.064516,0.080645,0.000000,0.000000,0.000000,0.000000
63,0.063492,0.158730,0.047619,0.126984,0.079365,0.095238,0.000000,0.000000,0.111111,0.158730,0.047619,0.000000,0.000000,0.000000,0.111111,0.000000,0.000000
64,0.156250,0.062500,0.046875,0.125000,0.078125,0.000000,0.000000,0.000000,0.093750,0.156250,0.140625,0.062500,0.078125,0.000000,0.000000,0.000000,0.000000
65,0.138462,0.215385,0.092308,0.000000,0.000000,0.000000,0.000000,0.000000,0.123077,0.123077,0.092308,0.061538,0.153846,0.000000,0.000000,0.000000,0.000000
66,0.136364,0.121212,0.136364,0.181818,0.000000,0.000000,0.000000,0.000000,0.212121,0.090909,0.045455,0.000000,0.075758,0.000000,0.000000,0.000000,0.000000
67,0.089552,0.149254,0.134328,0.000000,0.000000,0.089552,0.000000,0.000000,0.104478,0.059701,0.044776,0.179104,0.149254,0.000000,0.000000,0.000000,0.000000
68,0.147059,0.088235,0.088235,0.000000,0.073529,0.088235,0.000000,0.000000,0.102941,0.147059,0.044118,0.058824,0.073529,0.088235,0.000000,0.000000,0.000000
69,0.072464,0.115942,0.086957,0.057971,0.000000,0.173913,0.000000,0.000000,0.086957,0.115942,0.043478,0.000000,0.144928,0.000000,0.101449,0.000000,0.000000
70,0.114286,0.228571,0.085714,0.057143,0.000000,0.000000,0.000000,0.000000,0.100000,0.171429,0.128571,0.114286,0.000000,0.000000,0.000000,0.000000,0.000000
